b1 ->>> [-1.73002914e-01 -6.02670252e-01  1.89083576e-01  1.15450025e+00
 -2.28175912e-02 -1.39990819e+00  9.53265607e-01  1.01843536e+00
 -6.02870584e-01 -5.64323425e-01  5.94743431e-01  1.67570263e-01
  7.69012570e-01 -2.12416363e+00  2.34975362e+00  4.49481338e-01
  6.07170701e-01  1.55750179e+00  5.50727487e-01 -8.64857495e-01
  1.19984090e-01 -1.23893864e-01 -3.39556724e-01 -3.62898946e-01
  5.03739834e-01 -7.88769647e-02 -9.54060614e-01 -2.04394341e+00
 -8.97927463e-01  3.78648430e-01 -3.56436223e-01 -1.31740701e+00
  8.69810998e-01  1.56272873e-01 -1.22509766e+00  6.90287173e-01
  8.62398684e-01 -5.34500659e-01 -2.31612206e-01  1.71324599e+00
 -1.75191367e+00  1.10042930e+00 -7.09236979e-01 -2.45507762e-01
 -7.82822192e-01 -1.14887893e+00  6.89376816e-02  4.34283167e-01
 -1.31838381e+00 -2.16537535e-01  7.20930934e-01 -1.16937685e+00
 -3.61544162e-01 -4.68937457e-02  2.47450941e-03 -1.33102345e+00
 -2.11055622e-01 -7.61669636e-01 -4.72562611e-02 -6.04841888e-01
  4.61196363e-01 -5.09395182e-01  5.20002484e-01 -9.28222165e-02
  4.84390795e-01 -9.71628726e-02 -5.13690054e-01 -1.04713058e+00
 -5.18625557e-01  1.96581078e+00 -1.93641171e-01 -2.37392008e-01
 -5.02872050e-01  2.66727948e+00  1.82829988e+00  9.72364604e-01
 -4.04975891e-01  1.37052226e+00 -4.47596908e-01 -1.45746851e+00
 -1.54554927e+00 -6.18014812e-01  4.77868706e-01  7.35415101e-01
  2.49432102e-01 -3.06412756e-01 -1.40900278e+00 -1.82434350e-01
 -1.38409257e+00  1.16975904e+00  1.65073037e-01 -1.26437354e+00
 -1.13893640e+00 -2.80617863e-01 -4.23885360e-02 -4.75206494e-01
 -4.12870944e-01 -9.78658974e-01  1.14020813e+00 -1.57737032e-01
  2.19301417e-01  8.66198719e-01 -2.28315264e-01 -5.14877319e-01
  9.29010630e-01  3.91056150e-01 -1.99000371e+00  2.55297542e-01
 -3.15952271e-01  1.31526554e+00  3.71686459e-01  3.81253481e-01
  1.90975595e+00 -8.03463012e-02 -1.38111854e+00 -1.11531758e+00
 -1.93903768e+00 -5.15838146e-01 -1.44721293e+00  1.17723417e+00
  2.10065432e-02 -3.30605507e-01  1.89920619e-01  9.12373960e-02
  1.76132210e-02 -9.58365649e-02  2.44019318e+00  1.34539545e+00
  1.08675741e-01  3.22790980e-01  8.99256691e-02  1.95739090e+00
 -4.84163165e-01 -6.92428827e-01  1.36336340e-02 -5.09956241e-01
  7.26688266e-01  6.75425947e-01  5.11976600e-01  9.30467427e-01
  1.06726205e+00  7.48234451e-01 -5.60137451e-01  4.21605110e-01
  1.00969183e+00  7.79994845e-01  1.32540369e+00  2.28836268e-01
 -1.65817106e+00  6.99255407e-01 -8.74679387e-01  1.23391783e+00
  2.40721881e-01 -2.52502680e-01  9.69517291e-01  3.63653675e-02
  1.21473685e-01  4.82821435e-01 -4.58314478e-01 -2.73282230e-01
  1.13597691e+00 -4.64045405e-02 -7.99783707e-01 -1.22899926e+00
  4.37470257e-01  6.24797285e-01 -2.78103054e-01 -1.86995542e+00
 -1.00800538e+00  5.64636707e-01  7.74556339e-01  1.20286152e-01
  5.21940589e-01  4.61868733e-01 -7.93870211e-01  1.33556449e+00
  2.41161108e-01  1.04184508e+00 -8.35832596e-01  1.29090154e+00
  2.38373414e-01 -3.78067136e-01 -2.08459663e+00  1.53164792e+00
 -8.25673521e-01  1.03499711e+00 -1.39394629e+00 -9.06448603e-01
 -1.18045747e+00  1.10087764e+00  1.23417556e+00 -4.84177709e-01
 -7.64684737e-01  2.68023968e-01 -1.37694383e+00  1.14308798e+00
 -8.36288452e-01  1.94425058e+00  1.44427466e+00 -2.05357615e-02
  1.09885097e+00  4.72886443e-01 -9.41061318e-01  1.05676398e-01
  4.22650427e-01  1.43315256e-01  3.07976753e-01 -4.15855229e-01
 -2.87186772e-01  6.01089954e-01 -1.92674309e-01 -1.39755785e+00
 -1.44144833e-01  7.93358624e-01  1.77009165e+00  2.08448321e-01
 -1.12505758e+00 -2.09015310e-01 -1.40121472e+00 -1.42944002e+00
 -5.39420307e-01  9.96914387e-01 -7.90108085e-01 -1.40571630e+00
 -1.36681509e+00  3.58937114e-01 -9.58005011e-01 -9.39788163e-01
 -3.60898823e-01 -1.46582460e+00  4.71436590e-01  1.81556270e-01
  8.73298228e-01 -1.17341578e+00 -1.85280752e+00  4.19951439e-01
  8.91250372e-01  4.65219289e-01  1.51307869e+00  1.54700831e-01
  7.93666542e-01 -1.18607235e+00  1.37859118e+00  7.65129745e-01
  8.55622947e-01 -1.56307864e+00  1.20795405e+00 -3.26093554e-01
  1.18362129e+00  3.68103504e-01 -2.53942060e+00 -1.05928974e-02
 -1.85248971e-01 -5.68623424e-01 -4.68920141e-01  1.51219463e+00]

b2 ->>> [-1.1145091  -0.16674066  0.16258085 -0.5183258   2.2800531  -1.0150315
 -0.22995737  0.23253472  1.4441402  -0.573431   -0.48414847  1.4792936
 -0.17259747 -1.3875076   0.21357264  1.0225055   0.09187599 -2.0456939
  0.95946926 -0.24021314  0.93321085  0.29345083 -1.9624543   0.34230462
  0.32247216 -0.14326183 -2.6726382   0.67350185  1.3841726   0.950137
  0.71884733  0.40755993 -0.48392212  0.56093377  0.13052477  1.2271467
 -0.5796257   0.45353514  0.41637754 -0.93226147 -0.39653358  0.13649623
  0.5909992   0.58066094 -1.032547    0.06402919 -0.62834924 -2.0259683
  1.9707935   0.46555093 -1.4001118   0.2422555   0.7497304   1.2995998
 -0.21088593  2.3726363  -1.1150633   1.4384313   1.7130487  -1.7828909
 -0.45410314 -0.30195823  0.34369904 -0.6929553   0.06606536 -2.4842296
  0.30476767  1.18846    -1.057051    0.14049298 -0.26614696 -1.3602813
  0.476217    0.6301353  -1.0742227  -0.89033604 -0.16667266  0.48641974
  0.37997553  1.7525914  -1.3597902  -0.53274924  1.2216457  -0.8267647
 -0.87147623 -0.03859551  0.59228224  0.7939967  -0.27261946  0.07003243
 -0.3061643  -0.42282376 -0.51061064 -0.41029677  1.4996792   1.7721221
 -0.66921234 -0.7503495  -0.17612992 -1.4013544   2.5618827   1.9222732
  1.380436    0.53124017 -1.062943   -0.45419496  0.31966716 -0.25030312
  0.57352114  0.05366936  0.15246758  0.5897989  -1.7696856  -0.4354662
 -0.25414485 -0.5061371   0.18931736  2.3096373  -1.3172188   0.20896253
  0.7475854  -0.910207    0.96370035  0.3227369   0.9612089  -1.1226499
 -0.08987183 -0.25953773  0.5294944  -1.5892663  -0.17920385 -1.5888488
 -0.7525761  -0.08252116 -0.77090615 -1.8980821  -0.62000734 -0.02870904
 -0.90163714 -0.65600014  1.1488885   0.8513564  -0.17703448  0.22123161
 -1.885813   -0.24812326 -0.0413783  -0.8008289  -0.04209262 -0.34854755
  0.28290713 -0.45808992  0.4897164   0.96035874 -0.12264232  1.2104175
  2.5357533  -0.6777184   1.2275455  -0.45474112 -1.0158675  -1.0925019
 -0.76867276 -0.54998106  0.8179554   0.817425    2.588599   -1.4376068
 -0.6616568   2.4994779   0.35438886 -0.6974359   1.8890877   0.3104851
 -0.17608906 -1.2977328  -0.66368115 -0.25772032  1.5208929  -1.2695332
  1.2260531  -1.5126867   0.96993846  1.0545876  -0.41184032  0.92408025
 -0.11078069 -0.37009534  0.07369282 -0.00435059 -0.45675823 -0.05612012
  0.77539897  0.23019934  0.44429487 -2.0718644   0.73558885 -1.0817964
 -0.8803779  -0.16406296  0.17238115  0.02599274 -0.9238688   2.2234054
 -0.12274016  0.6886022   0.58520806 -0.742345   -0.63434637 -0.28054765
  0.0170704  -0.0866731  -0.33478692  0.9042875   0.43361738  0.3594012
 -0.06040132  0.13342467 -0.13417438 -0.8881199  -0.07649439  0.13000323
  0.31297672 -0.87490547 -0.4877295   1.6966779  -1.3520993  -1.2291714
 -0.67381495 -0.22644226 -0.9283478   0.02653472  0.01722548 -0.09057339
  0.4572785   1.2918557   2.038116   -2.0423186  -0.46176675  0.06430651
 -1.7110832   0.01082074 -0.17666888  1.5945392  -0.5626681  -1.7598712
  1.3024465  -0.74466306 -0.14144962  0.33727196  1.2706689   0.5922582
  0.7488166  -1.3666152   0.93260044 -0.70713836]

bo ->>> [ 0.73413575  0.2825237  -1.921938   -0.72647053 -0.4293656   1.3317422
 -0.33458528 -1.2790968   0.9590205  -0.01026011]

size ->>> 0

w1 ->>> [[-0.3695798   0.4027207  -0.09957074 ... -0.44750357  0.41442442
  -0.01979898]
 [-0.7247589  -0.7045253   0.22509618 ...  0.52442896 -0.5247873
  -0.98940104]
 [-0.15699483  0.04995154 -0.4624561  ...  1.8899322   0.44933283
  -0.15276943]
 ...
 [ 0.37865078  0.95644957  0.0925568  ...  1.3892828  -0.22093152
   0.36195508]
 [-1.7802182   0.85878956  0.8031334  ...  0.93309885  0.8838574
  -1.1030841 ]
 [-0.9537363  -0.28754503 -0.69443303 ...  0.3023356   1.0707577
  -0.1995611 ]]

w2 ->>> [[-0.01140308 -1.106364    0.5150119  ... -0.84844536  0.54547626
   0.4211408 ]
 [-0.1930666  -0.61665964  0.44378555 ...  0.6557537  -1.1119016
   0.23900075]
 [-0.2179929   0.10615227  0.7352323  ... -1.0057838   2.1128201
   1.3173051 ]
 ...
 [ 0.8026881  -1.0648754  -0.7805089  ...  1.6199636  -0.3880756
   0.6832714 ]
 [-0.26209524  1.3105342   1.5876237  ... -0.57300484 -1.1243302
   1.8980179 ]
 [ 0.5098745  -0.8308645   0.5639014  ...  0.4143082  -0.43875784
   0.00954971]]

wo ->>> [[ 1.0684972   0.88678735 -0.6828203  ...  1.6198356   1.4354376
   0.16771142]
 [-0.08717363  2.179152   -1.4764318  ... -0.46814412 -0.7814795
   0.31677097]
 [-0.34223688  0.5450925  -0.08186591 ...  0.83167946  1.1452315
   1.0985768 ]
 ...
 [ 0.76176184  1.295816   -0.7878585  ... -0.37668034 -1.4538118
  -1.0874062 ]
 [-0.07748459 -0.8757816   0.11903816 ...  0.8617923  -0.32771695
   1.186838  ]
 [ 0.4382756   0.7769573  -0.6754628  ... -0.09866794 -0.14121763
  -0.9270816 ]]

